Optimized displacements:
[[[-1.16571691e-03 -8.52057682e-13 -2.47239252e-03]
  [ 0.00000000e+00  0.00000000e+00  0.00000000e+00]
  [ 0.00000000e+00  0.00000000e+00  0.00000000e+00]
  [ 0.00000000e+00  0.00000000e+00  0.00000000e+00]]

 [[ 7.86109362e-04  1.49228037e-11 -1.16035342e-03]
  [ 0.00000000e+00  0.00000000e+00  0.00000000e+00]
  [ 0.00000000e+00  0.00000000e+00  0.00000000e+00]
  [ 0.00000000e+00  0.00000000e+00  0.00000000e+00]]]
Un-optimized displacements:
[[[0. 0. 0.]
  [0. 0. 0.]
  [0. 0. 0.]
  [0. 0. 0.]]

 [[0. 0. 0.]
  [0. 0. 0.]
  [0. 0. 0.]
  [0. 0. 0.]]]
         Current function value: -24.147898
         Iterations: 12
         Function evaluations: 950
         Gradient evaluations: 38
Method BFGS took 0.1943 sec.
Optimized d:
[[[-1.16637378e-03 -7.18496208e-09 -2.47268332e-03]
  [ 0.00000000e+00  0.00000000e+00  0.00000000e+00]
  [ 0.00000000e+00  0.00000000e+00  0.00000000e+00]
  [ 0.00000000e+00  0.00000000e+00  0.00000000e+00]]

 [[ 7.85422740e-04 -7.14645011e-09 -1.15870402e-03]
  [ 0.00000000e+00  0.00000000e+00  0.00000000e+00]
  [ 0.00000000e+00  0.00000000e+00  0.00000000e+00]
  [ 0.00000000e+00  0.00000000e+00  0.00000000e+00]]]
Norm Diff : 1.9256494267287035e-06.
